SDSSJ0008-0004 00 08 02.96 -00 04 08.2 0.440 1.192 193 36 E                 19.60 a 1.82 18.52 1.71      
SDSSJ0029-0055 00 29 07.78 -00 55 50.5 0.227 0.931 229 18 E                 17.74 a 2.58 17.05 2.16      
SDSSJ0037-0942 00 37 53.21 -09 42 20.1 0.195 0.632 279 10 E      18.57 2.87 16.90 a 2.68 16.20 1.80 15.49
SDSSJ0044+0113 00 44 02.90 +01 13 12.6 0.120 0.197 266 13 E                 16.32 a 3.25 15.69 1.92 15.03
SDSSJ0109+1500 01 09 33.73 +15 00 32.5 0.294 0.525 251 19 E                              17.63 1.38      
SDSSJ0157-0056 01 57 58.94 -00 56 26.1 0.513 0.924 295 47 E                 19.87 a 1.21 18.59 1.84 17.52
SDSSJ0216-0813 02 16 52.54 -08 13 45.3 0.332 0.523 333 23 E      19.91 2.49 18.36 b 2.97 16.86 2.40 15.99
SDSSJ0252+0039 02 52 45.21 +00 39 58.4 0.280 0.982 164 12 E                 18.77 a 1.36 17.87 1.39      
SDSSJ0330-0020 03 30 12.14 -00 20 51.9 0.351 1.071 212 21 E                 18.84 a 1.52 17.99 0.91 17.08
SDSSJ0405-0455 04 05 35.41 -04 55 52.4 0.075 0.810 160  7 E                              16.22 1.36      
SDSSJ0728+3835 07 28 04.95 +38 35 25.7 0.206 0.688 214 11 E                 17.38 a 2.01 16.62 1.78      
SDSSJ0737+3216 07 37 28.45 +32 16 18.6 0.322 0.581 338 16 E      20.17 2.22 18.34 b 3.38 16.95 1.80 16.17
SDSSJ0808+4706 08 08 58.78 +47 06 38.9 0.219 1.025 236 11 E                 17.11 a 4.53 16.74 2.42      
SDSSJ0819+4534 08 19 31.93 +45 34 44.8 0.194 0.446 225 15 E      19.16 2.91 17.61 a 2.80 16.99 1.98      
SDSSJ0822+2652 08 22 42.32 +26 52 43.5 0.241 0.594 259 15 E                 17.65 a 2.43 16.94 1.82      
SDSSJ0841+3824 08 41 28.81 +38 24 13.7 0.116 0.657 225  8 S                 15.66 a 8.67 15.27 4.21      
SDSSJ0903+4116 09 03 15.19 +41 16 09.1 0.430 1.065 223 27 E                 18.90 a 2.19 17.91 1.78      
SDSSJ0912+0029 09 12 05.31 +00 29 01.2 0.164 0.324 326 12 E/S0   17.91 4.51 16.56 b 4.29 15.52 4.01 14.52
SDSSJ0935-0003 09 35 43.93 -00 03 34.8 0.347 0.467 396 35 E      19.36 5.59 17.71 a 4.12 16.69 2.15 16.15
SDSSJ0936+0913 09 36 00.77 +09 13 35.8 0.190 0.588 243 11 E                 17.12 a 2.50 16.44 2.11      
SDSSJ0946+1006 09 46 56.68 +10 06 52.8 0.222 0.609 263 21 E                 17.78 a 2.77 17.04 2.35      
SDSSJ0955+0101 09 55 19.72 +01 01 44.4 0.111 0.316 192 13 S      19.16 1.82 17.65 a 1.98 16.92 1.47 16.03
SDSSJ0956+5100 09 56 29.78 +51 00 06.6 0.241 0.470 334 15 E      19.26 2.54 17.90 b 2.32 16.66 2.19      
SDSSJ0959+4416 09 59 00.96 +44 16 39.4 0.237 0.531 244 19 S0                17.67 a 2.04 16.88 1.98      
SDSSJ0959+0410 09 59 44.07 +04 10 17.0 0.126 0.535 197 13 E      19.14 1.56 17.94 b 1.51 16.87 1.29 16.01
SDSSJ1016+3859 10 16 22.86 +38 59 03.3 0.168 0.439 247 13 E                 17.35 a 1.65 16.67 1.46      
SDSSJ1020+1122 10 20 26.54 +11 22 41.1 0.282 0.553 282 18 E                 18.12 a 1.52 17.15 1.59      
SDSSJ1023+4230 10 23 32.26 +42 30 01.8 0.191 0.696 242 15 E                 17.45 a 2.07 16.74 1.77      
SDSSJ1029+0420 10 29 22.94 +04 20 01.8 0.104 0.615 210  9 S0                16.69 a 2.15 16.06 1.56      
SDSSJ1029+6115 10 29 27.53 +61 15 05.3 0.157 0.251 228 14 E                 16.82 a 2.75 16.04 2.52 15.04
SDSSJ1032+5322 10 32 35.84 +53 22 34.9 0.133 0.329 296 14 S                 17.76 a 1.19 17.01 0.81      
SDSSJ1100+5329 11 00 24.39 +53 29 13.9 0.317 0.858 187 23 E      19.78 2.90 18.06 a 2.96 17.15 2.20 16.26
SDSSJ1103+5322 11 03 08.21 +53 22 28.2 0.158 0.735 196 12 S0/SA             17.14 a 2.61 16.41 2.85 15.54
SDSSJ1106+5228 11 06 46.15 +52 28 37.8 0.095 0.407 262  9 E      17.54 1.79 16.08 a 2.54 15.50 1.39 14.81
SDSSJ1112+0826 11 12 50.60 +08 26 10.4 0.273 0.629 320 20 E                 17.97 a 1.83 17.16 1.32 16.21
SDSSJ1134+6027 11 34 05.89 +60 27 13.5 0.153 0.474 239 11 E                 17.14 a 2.15 16.41 2.02      
SDSSJ1142+1001 11 42 57.35 +10 01 11.8 0.222 0.504 221 22 E                 17.75 a 2.11 16.99 1.24 16.23
SDSSJ1143-0144 11 43 29.64 -01 44 30.0 0.106 0.402 269  5 E                 15.83 b 5.41 14.92 2.66 14.40
SDSSJ1153+4612 11 53 10.79 +46 12 05.3 0.180 0.875 226 15 E                 17.78 a 1.43 17.15 1.16      
SDSSJ1204+0358 12 04 44.07 +03 58 06.4 0.164 0.631 267 17 E      19.33 1.43 17.45 a 1.65 16.80 1.09 15.89
SDSSJ1205+4910 12 05 40.44 +49 10 29.4 0.215 0.481 281 13 E      19.19 2.61 17.70 b 2.59 16.52 1.79 15.82
SDSSJ1213+6708 12 13 40.58 +67 08 29.0 0.123 0.640 292 11 E                 16.28 a 3.36 15.57 1.50 15.05
SDSSJ1218+0830 12 18 26.70 +08 30 50.3 0.135 0.717 219 10 E                 16.38 a 3.77 15.71 2.70 15.02
SDSSJ1250+0523 12 50 28.26 +05 23 49.1 0.232 0.795 252 14 E      19.19 1.93 17.77 b 1.91 16.64 1.32 15.78
SDSSJ1250-0135 12 50 50.52 -01 35 31.7 0.087 0.353 246  9 S0/SA  16.89 4.56 15.68 a 4.01 15.09 2.03 14.48
SDSSJ1251-0208 12 51 35.70 -02 08 05.2 0.224 0.784 233 23 S      19.54 3.61 17.71 a 5.34 17.21 2.61      
SDSSJ1259+6134 12 59 19.05 +61 34 08.6 0.233 0.449 253 16 E      19.56 1.78              16.83 1.81      
SDSSJ1306+0600 13 06 13.65 +06 00 22.1 0.173 0.472 237 17 E                 17.39 a 2.34 16.76 1.25 15.96
SDSSJ1313+4615 13 13 02.93 +46 15 13.6 0.185 0.514 263 18 E                 17.29 a 2.15 16.63 1.59 15.73
SDSSJ1313+0506 13 13 26.70 +05 06 57.2 0.144 0.339 221 17 S                 17.71 a 1.53 17.03 0.97 16.25
SDSSJ1318-0313 13 18 39.33 -03 13 34.2 0.240 1.300 213 18 E                 17.54 a 4.18 16.80 2.51 16.06
SDSSJ1319+1504 13 19 32.50 +15 04 26.0 0.154 0.606 235 14 E/S0              17.89 a 1.44 17.23 0.77 16.32
SDSSJ1330-0148 13 30 45.53 -01 48 41.6 0.081 0.711 185  9 S0     18.91 1.00 17.56 a 1.36 16.92 0.96 16.18
SDSSJ1402+6321 14 02 28.21 +63 21 33.5 0.205 0.481 267 17 E      19.07 2.56 17.51 b 2.62 16.30 2.29 15.55
SDSSJ1403+0006 14 03 29.49 +00 06 41.4 0.189 0.473 213 17 E                 17.64 a 1.87 17.02 1.14 16.11
SDSSJ1416+5136 14 16 22.34 +51 36 30.4 0.299 0.811 240 25 E                 18.58 a 1.38 17.55 0.98 16.70
SDSSJ1420+6019 14 20 15.85 +60 19 14.8 0.063 0.535 205  4 S0     16.88 2.35 15.94 b 2.12 15.05 2.25 14.37
SDSSJ1430+4105 14 30 04.10 +41 05 57.1 0.285 0.575 322 32 E                 17.80 a 2.71 16.85 2.55      
SDSSJ1432+6317 14 32 13.34 +63 17 03.8 0.123 0.664 199  8 S                 15.78 a 6.21 15.13 3.04 14.53
SDSSJ1436+3640 14 36 05.63 +36 40 47.1 0.185 0.758 281 19 E    c            16.95 a 4.64                 
SDSSJ1436-0000 14 36 27.54 -00 00 29.2 0.285 0.805 224 17 E                 17.94 a 2.94 17.16 1.63 16.38
SDSSJ1443+0304 14 43 19.62 +03 04 08.2 0.134 0.419 209 11 S0     19.21 1.13 17.62 a 1.38 17.00 0.70 16.24
SDSSJ1451-0239 14 51 28.19 -02 39 36.4 0.125 0.520 223 14 E      17.88 3.49 16.92 b 2.64 15.92 1.54 15.27
SDSSJ1525+3327 15 25 06.70 +33 27 47.4 0.358 0.717 264 26 E                 18.10 a 3.40 17.07 2.42 16.09
SDSSJ1531-0105 15 31 50.07 -01 05 45.7 0.160 0.744 279 12 E                 16.43 a 3.32 15.79 1.97 15.14
SDSSJ1538+5817 15 38 12.92 +58 17 09.8 0.143 0.531 189 12 E                 17.42 a 1.59 16.63 1.00 15.99
SDSSJ1614+4522 16 14 37.74 +45 22 53.3 0.178 0.811 182 13 E                 17.50 a 2.93 16.80 2.58      
SDSSJ1618+4353 16 18 43.10 +43 53 27.4 0.199 0.666 292 29 E    c 19.27 2.53              17.08 1.80      
SDSSJ1621+3931 16 21 32.99 +39 31 44.6 0.245 0.602 236 20 E      19.27 2.85 17.55 a 2.77 16.79 1.51 16.08
SDSSJ1627-0053 16 27 46.45 -00 53 57.6 0.208 0.524 290 14 E      19.42 2.02 17.87 b 2.05 16.71 1.98      
SDSSJ1630+4520 16 30 28.16 +45 20 36.3 0.248 0.793 276 16 E      19.76 1.81 18.08 b 2.05 16.77 1.65 15.80
SDSSJ1636+4707 16 36 02.62 +47 07 29.6 0.228 0.675 231 15 E      19.62 1.76 17.79 a 1.84 16.98 1.68      
SDSSJ1644+2625 16 44 43.09 +26 25 25.4 0.137 0.610 229 12 E                 16.85 a 2.32 16.22 1.55 15.46
SDSSJ1709+2324 17 09 38.96 +23 24 08.4 0.347 0.719 286 30 E                 18.51 a 2.06                 
SDSSJ1718+6424 17 18 37.39 +64 24 52.2 0.090 0.737 273 16 E    c 17.39 4.69 16.15 a 4.51 15.39 1.70 15.35
SDSSJ1719+2939 17 19 34.16 +29 39 26.4 0.181 0.578 286 15 E/S0              17.52 a 1.83 16.87 1.46 15.99
SDSSJ2141-0001 21 41 54.68 -00 01 12.3 0.138 0.713 181 14 S                              16.72 1.81      
SDSSJ2238-0754 22 38 40.20 -07 54 56.0 0.137 0.713 198 11 E      18.21 3.19 17.18 b 2.41 16.12 1.82 15.40
SDSSJ2300+0022 23 00 53.15 +00 22 38.0 0.228 0.463 279 17 E      19.80 1.86 18.19 b 1.93 16.96 1.52 16.15
SDSSJ2302-0840 23 02 20.18 -08 40 49.5 0.090 0.222 237  8 E                 15.95 a 3.18 15.45 1.70 14.80
SDSSJ2303+1422 23 03 21.72 +14 22 17.9 0.155 0.517 255 16 E      17.96 4.28 16.77 b 3.54 15.72 2.94 15.05
SDSSJ2321-0939 23 21 20.93 -09 39 10.3 0.082 0.532 249  8 E      16.52 5.54 15.27 a 4.79 14.61 4.11      
SDSSJ2341+0000 23 41 11.57 +00 00 18.7 0.186 0.807 207 13 E                 17.02 a 4.52 16.30 2.36 15.40
SDSSJ2343-0030 23 43 58.87 -00 30 22.4 0.181 0.463 269 11 E/S0              17.17 a 2.74                 
SDSSJ2347-0005 23 47 28.08 -00 05 21.3 0.417 0.714 404 59 E      20.73 1.81 18.82 a 1.80 17.83 1.14 16.85
